# Render Configuration File
film.filter.type = "MITCHELL_SS"
film.filter.xwidth = 2.0
film.filter.ywidth = 2.0
film.filter.mitchellss.b = 0.333333343267441
film.filter.mitchellss.c = 0.333333343267441


#SceneFileMarker
scene.camera.type = "perspective"
scene.camera.fieldofview = 49.134342077604479
scene.camera.screenwindow = -1.000000000000000 1.000000000000000 -0.562500000000000 0.562500000000000
scene.camera.shutteropen = 0.000000000000000
scene.camera.shutterclose = 0.041666666666667
#RaytracingCamera

scene.lights.sunlight.type = "sky2"
scene.lights.sunlight.gain = 1.0 1.0 1.0
scene.lights.sunlight.turbidity = 2.0
scene.lights.sunlight.groundalbedo = 0.3 0.3 0.3
scene.lights.sunlight.dir = 0.028625251725316 -0.011037390679121 0.040162373334169

#RaytracingContent